0 0.188795 0.586654 0.379994 0.119596
3 0.494113 0.554673 0.220035 0.016267
3 0.490698 0.820017 0.220715 0.067787
3 0.495006 0.392130 0.221372 0.128277
3 0.493132 0.659289 0.218805 0.023834
3 0.496187 0.327717 0.218570 0.023868
3 0.498656 0.151352 0.221521 0.134013
3 0.495217 0.467707 0.228633 0.777298
3 0.495261 0.455859 0.220525 0.015593
3 0.492768 0.611135 0.220130 0.103956
3 0.497531 0.274623 0.219188 0.100317
3 0.497116 0.220443 0.220026 0.032392
3 0.493558 0.505302 0.220671 0.096544
3 0.490579 0.805620 0.213120 0.041631
