0 0.173521 0.600682 0.349461 0.142440
2 0.755877 0.444749 0.090364 0.107123
2 0.867078 0.444853 0.098723 0.112009
2 0.042223 0.488574 0.086994 0.065271
3 0.487716 0.509809 0.268123 0.116274
3 0.489037 0.374304 0.270171 0.156672
3 0.431913 0.871135 0.116792 0.058590
3 0.485525 0.699547 0.265264 0.049989
3 0.491574 0.027845 0.263691 0.057406
3 0.490503 0.479164 0.282291 0.967250
3 0.485546 0.642535 0.268732 0.132112
3 0.489291 0.450613 0.267432 0.016619
3 0.487207 0.570341 0.267062 0.027418
3 0.491175 0.228794 0.269874 0.117430
3 0.484815 0.887153 0.259882 0.080750
3 0.492040 0.163168 0.264785 0.049730
3 0.489480 0.294562 0.266008 0.032948
