0 0.210443 0.581571 0.424294 0.107695
2 0.806173 0.451895 0.081084 0.092351
2 0.712614 0.452113 0.078124 0.089808
3 0.530393 0.654713 0.205879 0.024718
3 0.532836 0.337419 0.207696 0.016125
3 0.532567 0.474247 0.216139 0.741145
3 0.532148 0.400428 0.208776 0.123637
3 0.531323 0.554013 0.206438 0.017933
3 0.532497 0.461320 0.207449 0.013396
3 0.529439 0.807070 0.207449 0.069971
3 0.534765 0.240150 0.206485 0.029120
3 0.532982 0.286998 0.207988 0.098020
3 0.531161 0.509315 0.207913 0.088877
3 0.529550 0.793160 0.199708 0.043060
