0 0.212961 0.596718 0.428080 0.135314
3 0.563903 0.452394 0.257594 0.017120
3 0.565778 0.304408 0.257312 0.026957
3 0.564604 0.383048 0.258819 0.140280
3 0.563916 0.512148 0.258144 0.111785
3 0.558987 0.875358 0.257955 0.093211
3 0.561007 0.685265 0.255818 0.043145
3 0.565485 0.467549 0.270216 0.917039
3 0.561832 0.637279 0.257775 0.127268
3 0.562737 0.565688 0.256507 0.023052
3 0.566669 0.247309 0.256882 0.105298
3 0.559468 0.860734 0.253258 0.064664
3 0.567657 0.182203 0.257101 0.036790
3 0.569183 0.044015 0.258773 0.060691
