0 0.194340 0.584515 0.391674 0.114691
2 0.730909 0.451116 0.078188 0.089507
2 0.647462 0.450657 0.066243 0.086912
3 0.500057 0.649956 0.210741 0.026087
3 0.501704 0.509117 0.210526 0.092234
3 0.498639 0.809674 0.211929 0.067209
3 0.502848 0.459155 0.210335 0.014619
3 0.499604 0.653719 0.211860 0.024023
3 0.503656 0.330872 0.212095 0.016655
3 0.504235 0.231140 0.212492 0.024329
3 0.502232 0.397196 0.211508 0.124298
3 0.501171 0.553593 0.212544 0.016369
3 0.502552 0.470648 0.221592 0.747543
3 0.504020 0.282756 0.209921 0.091829
3 0.499393 0.795987 0.203888 0.041800
